acc = 0.9592
auprc = 0.9860853670769518
auroc = 0.98746866
conf = [[4908   92]
 [ 316 4684]]
eval_loss = 0.330489477956295
f1 = 0.958265139116203
fn = 316
fp = 92
mcc = 0.9193230224077865
report =               precision    recall  f1-score   support

         0.0       0.94      0.98      0.96      5000
         1.0       0.98      0.94      0.96      5000

    accuracy                           0.96     10000
   macro avg       0.96      0.96      0.96     10000
weighted avg       0.96      0.96      0.96     10000

tn = 4908
tp = 4684
